Eigvals	42
1.589511174761617	0.45546687328492963	0.36546455797628863	0.2718958725104176	0.11850099618451854	0.09406084719695601	0.05703023710224146	0.043067074318365706	0.030802256374158742	0.024428880280758864	0.017506046719781367	0.01530114462227668	0.01285804641375023	0.010711327173474075	0.009345312396285707	0.007591726783784208	0.006580144029585948	0.006310128230833406	0.0058326927392094476	0.005746631505938134	0.00473584605465565	0.004470736761475729	0.004340352298322723	0.0032302348270098584	0.003057085260457698	0.002806397511772883	0.002534106880336933	0.0018899774914081548	0.0017595619750064538	0.0013858027274791553	0.001226013114917563	0.0004910773808124019	9.8938735939514e-05	0.0	0.0	0.0	0.0	0.0	0.0	0.0	0.0	0.0

Proportion explained	42
0.4998402924636322	0.1432268604115842	0.11492458464241766	0.08550082226105993	0.03726401772481066	0.029578528366970763	0.01793382194795188	0.013542942864854853	0.009686128087088342	0.007681945781806041	0.005504980179588748	0.004811623047679497	0.004043362375809495	0.003368301520664602	0.0029387422721479147	0.0023873068627402265	0.0020692028898093946	0.0019842932786275085	0.0018341581304416978	0.0018070951737974542	0.001489241922049921	0.0014058752186621633	0.0013648743064132221	0.0010157849446393251	0.0009613360477963303	0.0008825043669568046	0.0007968794081562073	0.0005943254234729183	0.0005533147461684332	0.00043578179983790494	0.00038553409605097505	0.00015442499904686594	3.111243726575589e-05	0.0	0.0	0.0	0.0	0.0	0.0	0.0	0.0	0.0

Species	0	0

Site	42	42
A-1	-0.0074767791801171254	-0.13138995184333896	0.11291709535977444	0.031727356981576166	-0.12605028092194767	-0.04443391922790613	0.02783662859903825	0.048936176870748894	0.00806856199873655	-0.013018769491416065	0.023139506749969143	0.01632643803948861	0.01684856457185433	-0.014449807125261994	0.0069197464656238425	-0.020838485697297897	0.036952988108189797	-0.018315060652451417	0.01754864630001924	-0.0037258735201907167	0.0058198625121049915	-0.0053183407763902684	-0.007661646737445938	0.005654910169656421	0.00365294631660432	-0.003698626178463754	0.0017891615526836162	-0.0006383290843638444	0.0008350820793579791	0.005167215175734584	-0.003747975666851905	0.00021787508151139545	0.0008287786182971159	-0.0	0.0	0.0	0.0	0.0	0.0	0.0	0.0	0.0
A-2	-0.024360749967131074	-0.1454939220328726	0.1415514025549988	0.02736446042393005	-0.12915667504844736	-0.048521655108640364	0.0035477125867269927	0.047934383016072384	-0.003675809246579215	-0.018459301004253647	0.009051733697970465	0.00045318622065174607	0.010143011341874836	-0.01039911365609739	-0.012783598333961449	0.011811606000503544	-0.03260740460624174	0.024977715833942364	-0.01982648912861898	-0.0047701338765643465	-0.0005612183036841327	0.004483648532105626	0.008234155761721597	-0.009468206055679116	-0.0006263090373689678	0.0015767734527154728	0.004040281577604215	0.0033527741785376298	-0.00013662650871558739	-0.006481276398454344	0.005068702345722299	-0.001751054554298557	-0.0005045785488685477	-0.0	0.0	0.0	0.0	0.0	0.0	0.0	0.0	0.0
A-3	-0.044033520019184036	-0.17765988112526218	0.22551658043894546	0.014954658773604605	-0.0485464727923554	-0.11069642584602389	-0.03650468383373803	0.019605658923383257	-0.02157383189048764	0.052728642086147366	-0.001188743444251909	-0.017489033307250792	-0.02071281771717211	0.02119192827526554	0.003205900136781299	0.007018212269367552	0.0017075006280609037	-0.006114099045306848	0.0009268118332331116	0.006941823157701993	-0.004406904515606827	0.0029711803766197475	-0.0034675409919977178	0.003202094635523502	-0.0011124134226111599	0.002167944221215706	-0.0038834946839365484	-0.002353846190152128	0.0017378863879332384	0.001425999414402794	0.0004084904309612887	0.00019155866562414934	0.00012021011998355735	-0.0	0.0	0.0	0.0	0.0	0.0	0.0	0.0	0.0
B-1	-0.24905498012320307	-0.0018360220425241629	-0.205174783921334	-0.08126530774916313	-0.058847859804958574	-0.02784853915777671	0.08941948045999021	-0.025398187357704303	0.0037284966472892773	0.055884150041246514	0.004782427693669978	0.001976299295113268	-0.009541723360312783	0.004749484398524787	-0.010668348468440555	-0.0010273249425797179	0.0021577330056513455	-0.0013758535897352793	-0.0025994687451307325	3.610081430079116e-05	-0.0060503220051362485	-0.0021690202951360877	-0.012126131427400523	0.0022380182089751298	-0.0008281378144688541	0.0014855501298759676	0.003145150703799572	0.0031954460469681765	0.0004286289944019074	0.0012090345199859823	-0.0007565485999625045	-0.0011743996379533343	0.0006069462023511794	-0.0	0.0	0.0	0.0	0.0	0.0	0.0	0.0	0.0
B-2	-0.2747320671658233	-0.07598057143280171	-0.12044920982410942	-0.11240541697224517	-0.033711877083286344	-0.011966193680575103	0.07987643738644636	-0.038559971296190494	-0.023276404690658396	-0.022648056412964617	0.00854573005794594	-0.00038853626760297405	-0.007101982257420612	-0.0008381473892619962	0.020030180140118852	-0.00801555171622955	0.006006834866146494	0.008553140638892962	-0.011450035169848763	0.013220465714244655	0.018771534565176974	0.00834535816670016	0.016282350402846334	-0.0018167273656340736	0.0038198326165882284	0.0013446416656180671	-0.007934567430874642	-0.0015825576419344473	0.005124911438503887	-0.00019800662045832464	0.005463908329922135	-0.002790167656180293	0.0007334296952772332	-0.0	0.0	0.0	0.0	0.0	0.0	0.0	0.0	0.0
B-3	-0.28407792026009965	-0.11430743432155256	-0.06463536039441048	-0.1186856318341588	-0.015366617070606233	-0.02824128442646198	0.0324560097597756	-0.05197482952744527	-0.057830977887461554	0.0035797089716309025	-0.025297374791887896	0.002327645577864988	0.0037994239758952567	-0.006579895875332376	-0.001313920648186021	0.005115588221592793	-0.014772363499137247	-0.005924933675280698	0.012286256704147252	-0.02191649132586204	-0.016783047513624513	-0.0019386367338268325	-0.00542659777787461	0.0009031401535817311	-0.003642179243789212	0.0008326423454602915	0.0035120189933684942	-0.0011483537175249546	-0.0019738151691251456	-0.0026010891320061473	-0.005344993421142225	0.0030349044689413477	-0.0006604493099461	-0.0	0.0	0.0	0.0	0.0	0.0	0.0	0.0	0.0
C-1	-0.3476345574574292	0.03680174169809054	-0.09405400929487534	-0.13158139913601039	0.012166986476799231	0.006297932537314106	-0.030873660744015288	0.08894812998223448	0.015616355224583205	-0.03677818282903117	-0.002527842350105532	-0.0020210860333153644	-0.0035872720854322835	0.005601140119351302	-0.018669404314034424	-0.000850374497427348	-0.001292778399706972	-0.004562551395398642	0.0012878333028316503	-0.007266614089653676	0.001270943813178257	0.009912736368783905	-0.003944543487403211	0.003067985418218396	-0.0010612821762827356	0.0010229877780360002	-0.007208542065811378	-0.004841543318229274	-0.002038247868241396	0.0009930748733405735	0.005314503290177272	0.00497537834061602	-0.0013678560910836313	-0.0	0.0	0.0	0.0	0.0	0.0	0.0	0.0	0.0
C-2	-0.3595929943871037	0.010674730958507024	-0.05321521906138531	-0.14031623485626182	0.025883007122824268	0.00921240887421525	-0.06351409230763574	0.036235788148562584	0.016148182788968575	-0.008164334328760051	0.018953117485890625	-0.007034327207990124	0.0016578899455366959	0.024768860087659748	0.011552352828452763	0.02145895523636139	-0.003551929508908394	0.005465108047050368	0.011854215846240298	0.011748618556470922	-0.004119455739243216	-0.016580582535656453	0.013520724440488156	-0.0006122604492478532	0.0030604714268119833	-0.0075592182441270245	0.01214355021965064	0.0037564313613886514	-0.004099355813615957	0.0017131356759627306	-0.011521686203008316	-0.003730097401378869	0.0011213278509546272	-0.0	0.0	0.0	0.0	0.0	0.0	0.0	0.0	0.0
C-3	-0.35465487470558404	-0.03655355302695351	-0.01522927249849675	-0.1486788840679988	0.03427990593968479	0.004219406410144373	-0.10682206787699207	-0.0027032649707739564	0.026546969547877445	0.014300151443212226	-0.00569954884802758	0.0013008854632505279	0.014734061590751156	-0.026903456357251467	-0.001752400081417195	-0.019025507430225255	0.011452035252856114	-0.0028742523233549876	-0.012642223590920756	0.00693283632514991	0.004362061917825258	0.0021912908219394516	-0.009641181264421374	-0.004279759611723471	-0.0015835070119773363	0.003030923574185607	-0.003626304192669767	0.0018619388117085008	0.002516173505370705	-0.0010450302619196357	0.006726603877434599	-0.000897464839944562	-0.0002488938615477747	-0.0	0.0	0.0	0.0	0.0	0.0	0.0	0.0	0.0
D-1	-0.03498227348163213	-0.19039453701146924	-0.17751924301342561	0.18347227215939105	0.05313654813628272	0.04851244253189054	-0.011650191438720297	0.03110956140603375	0.009259661498308218	0.019153100102219274	0.04066858639621335	-0.004575544159254777	-0.008886421228474854	-0.007165675783032561	0.005346811042792445	-0.00477428022929203	-0.014904235060244858	-0.00632217825016154	-0.006028359522699484	-0.005990452867891883	-0.004260189314532522	0.0013466484075688645	0.0025714078351136943	-0.0029150649131818554	-0.0025202526795204032	0.0018527332090003002	0.0009690835258819711	-0.001565107449125126	-0.0017463493205738991	-0.002753064108990865	-0.0007220810054329417	0.001369718937336393	0.0004462975266499771	-0.0	0.0	0.0	0.0	0.0	0.0	0.0	0.0	0.0
D-2	-0.048626509827581654	-0.22816357957982364	-0.14289299193479865	0.1716448564826766	0.029033558438166015	0.04625669118615412	-0.016618923276316786	-0.014241900773783709	0.003472687706878565	0.004954351621511698	-0.013409763106709402	0.0031785248584504256	0.030330269007623922	0.0006994356001203922	-0.006478128221836082	0.013613425594879111	0.015601602845360649	0.00832204647643673	0.011041434651083386	0.008983193862831251	-0.0013955503489079181	-0.006273754374795951	0.0021493216772937836	0.00028118549326739664	0.0024096027092353747	-0.0010130474354447642	0.00014671754278817946	-5.464488202793919e-06	0.0025634034250682732	0.00249560470514241	0.0008498266673420971	-0.0016350561780722472	-0.0013532265451191904	-0.0	0.0	0.0	0.0	0.0	0.0	0.0	0.0	0.0
D-3	-0.07323159757702864	-0.2771988324332236	-0.04937641520011829	0.14735826757709997	0.07114539782886214	0.02359881599145347	-0.007188528925392401	0.011987681691685046	-0.024771341545420267	-0.024184139336394402	-0.031789039731755404	-0.0029262814848327007	-0.0216419696910254	0.009298936137265347	0.003480325614273863	-0.009906030067166708	0.0007832155936238519	-0.0007946296437279079	-0.006526784997327754	-0.0007341511499601771	0.0068379042798955535	0.0038044770778791837	-0.005187397957408438	0.003433969735965127	0.0006559406038021388	-0.0006584005035920831	-0.0010373697386468902	0.0015652633096044461	-0.0012475048203586451	0.0002738885607749557	-0.00012952163916035798	0.00026998583125989575	0.0010821119756854241	-0.0	0.0	0.0	0.0	0.0	0.0	0.0	0.0	0.0
E-1	-0.404161898305911	0.22064361818501071	0.06632114551195312	0.17165272895648753	-0.0006048174538052998	-0.009672845591652705	0.039161137053333815	0.028754772666802323	-0.013380128384215267	-0.026123921667282463	-0.031371093172470346	-0.011515346619432492	0.005957890650048798	-0.004578273995911148	-0.002864147367152289	0.007393082765692257	-0.0008177871852134667	-0.010675658055219391	0.0025381453173514853	-0.001669366874526375	-0.012245048624527648	-0.005764817884492065	-0.000592785719808767	-0.003449258195193881	0.004511747377743095	-0.001835438069679285	0.0117723438357521	0.003032223725123774	-0.00011421211526972608	-0.002371835992684977	-0.0016615216840622077	0.0009659339280819623	0.0013971199959345868	-0.0	0.0	0.0	0.0	0.0	0.0	0.0	0.0	0.0
E-2	-0.41778621064612903	0.20087583308205703	0.09160916631392735	0.15221015645936725	0.0149442301681429	0.00018624663048584568	0.011590680838726311	-0.003829204136999436	-0.010999633701729824	0.013062347675950846	0.005266642613518879	0.010465967253028414	-0.009574834012604077	0.01511017204663048	-0.0006985603181837962	0.012224261423174027	0.007219921578616601	0.006437775826184155	0.003724490566364434	0.0007174081658366889	0.004857866823670537	-2.1214602452708316e-06	0.003020570090926164	-0.0007044417374142568	-0.0072324037656856495	-0.001473683561467684	-0.021522751162565162	-0.0014932922859439278	0.00608830815011531	0.005636900416669519	-0.001694995419306421	-0.003075024751668424	-0.003565771037094173	-0.0	0.0	0.0	0.0	0.0	0.0	0.0	0.0	0.0
E-3	-0.42036664362602927	0.16845337958113782	0.10737271639603874	0.13731886420733924	0.020384339701167722	-0.004782736968489777	-0.0173665701149453	-0.059963419491933345	0.023679040048537048	0.013186218971436707	0.02003538251022931	0.004648793054295252	0.004155973395880765	-0.015255605396273858	0.007657479741943809	-0.020297920531335674	-0.006795664954678912	0.005811546407373798	-0.005320170207682348	-0.002541962547980176	0.008425475511431644	0.007859938998150873	-0.0025340905170447275	0.004030012865813942	0.0030326437843795134	0.004221097669869498	0.009249015147001667	-0.0016508563589435498	-0.005523605265209546	-0.004105550950807032	0.0037930301770929768	0.002122040589859298	0.0022079132445677035	-0.0	0.0	0.0	0.0	0.0	0.0	0.0	0.0	0.0
F-1	0.048947276998493	0.002800823138182698	0.08197350310491991	-0.03498161957814962	-0.047313643690835044	0.1351121215539718	0.0509794130608036	0.018133719413372752	0.02974842987583292	-0.013058030722449925	0.009275939899280147	0.0014427794671385522	-0.029188669968377556	0.014167311828031442	0.008149944447104202	-0.011192839306727567	-0.003305391694074203	0.005958758931820947	-0.01873813775266355	0.003996584083200849	-0.007628053480656111	-0.021837994004687312	-0.01788516246215775	4.3572340123862155e-05	-0.0075221329487607045	0.008028663706260748	-0.0029701481655370083	0.00027747446914689293	-0.0038668013902139913	0.002443904984697039	-0.0023053221552385697	0.0017787235289952168	-0.002262035889796066	-0.0	0.0	0.0	0.0	0.0	0.0	0.0	0.0	0.0
F-2	0.032529618243556886	-0.03441847246097156	0.11524887452058791	-0.05429890953261851	-0.0404470576951614	0.12195160552564512	0.01649814769271149	-0.0073494401960180495	0.0018988991255884447	-0.033485629084896225	-0.03337650029254553	0.008905959773002634	0.0047524559186632245	0.011241180544084382	0.01308189678049253	0.013648620836662628	-0.0005816512745214629	0.0005579410621131105	0.022033578913970894	-0.003404989866832453	0.00922164196159519	0.020180209253133515	0.00776889401133178	0.005407759842953657	0.004397131835278603	-0.0011929576003401876	-0.0010472130349163712	-0.00802519461831394	0.0011197828813778047	-0.0036560630380548507	0.003595274441944296	0.0018510459898833848	0.0009798910786033169	-0.0	0.0	0.0	0.0	0.0	0.0	0.0	0.0	0.0
F-3	0.018611079470110814	-0.06763687198165139	0.21276593147193595	-0.07814383310191951	0.04292366775287835	0.08682219304524479	-0.035677483178780556	-0.0381056575551776	-0.021335654099327396	0.02877691752880102	-0.022584799559468436	-0.01349773965392517	-0.02338951666265539	0.002729391081550261	-0.005822993545116416	-0.015291474163396927	0.007749295990012279	0.010104971555019788	-0.0022903600164320705	-0.0018276613402308808	-0.008365653019295398	-0.0022127493218132193	0.0033538252323917195	0.004325094162979337	0.0015576918813196368	0.002696984520414277	0.0021080803696183785	0.0022830236183076992	-0.0015696470485122497	0.0009520161238191683	-0.0032030993339331832	-0.0014483748060990765	0.0016734978197222197	-0.0	0.0	0.0	0.0	0.0	0.0	0.0	0.0	0.0
G-1	0.1120487262684272	0.0496205796311347	0.016432511330256076	-0.016485725033036046	-0.031800986748806555	0.09775746781536938	0.03145811197424709	0.03060620189605797	0.013584973776424385	0.02983556067166611	0.0026499441010365173	-0.013204087310139225	0.00986822715181501	-0.02349064617323802	-0.006533986768246873	-0.007715838543044145	-0.008763665556622037	-0.02951449029319737	0.0018756708009774064	0.00311867948924545	-0.007769675120300545	0.011895396831928444	0.018570938052673017	-0.0008671843418867644	-0.010004071172784207	0.001578278363717665	0.008875320809445766	0.0013724755201925504	0.002991124485476374	0.0034391503483496935	0.001104716926859348	-0.00896012784980521	-0.0003908191761835116	-0.0	0.0	0.0	0.0	0.0	0.0	0.0	0.0	0.0
G-2	0.10363631496746253	0.02866859103422657	0.022344495631434712	-0.02141165882628421	-0.011234156202316747	0.07177868036749835	0.032131176510449354	0.01452379129700822	0.018669111450810953	0.04674626206498082	0.015678582084547033	0.014952865539222818	0.017281807074581743	-0.0054768204344281856	-0.024550270509836606	0.01590638432689459	0.003442457660650124	0.018947470313606805	0.0022761728924561337	0.0004033427663162475	0.011910903524831953	-0.004950394749924816	-0.00812832665199705	-0.00399712223788699	0.014208913480015961	-0.012568689418965814	-0.003761191831229291	0.004515180740254118	0.0013683106105652132	-0.003966091790930593	-0.001980566430957964	0.007246893517443526	0.0022967378334741283	-0.0	0.0	0.0	0.0	0.0	0.0	0.0	0.0	0.0
G-3	0.05533447957980528	-0.04332219203090941	0.16208799331405505	-0.06978919177723968	0.11186848907990099	0.027827461543501828	0.008853083271687958	-0.026794896054527045	-0.06671806914176508	-0.0016482975943574586	0.047651451467608505	0.01658029578405711	0.035995277093546586	-0.004791923784148189	-0.000855982516946144	0.014102443839567198	-0.006164130053014219	-0.021134652032950375	-0.00763938478284335	-0.0029399105757048293	0.005788925794198131	-0.00724692863244757	-0.0005011388373444724	-0.006423176550628163	-0.00027670126556720854	-0.003478320539756063	-0.0017821112960998823	0.0003040297195983084	0.004009867468800177	4.780498191862404e-06	0.0015515026337106811	0.0010930393179144735	-0.0017502222170242042	-0.0	0.0	0.0	0.0	0.0	0.0	0.0	0.0	0.0
H-1	0.17482980192722072	0.08389798710564171	-0.053253365036134676	0.012708359036255126	-0.026069732908983668	0.0015553139542356484	-0.025060528600461703	0.003247013867625762	-0.02424653916412854	-0.0014665150498559029	-0.006635998923454893	0.0030202152259438714	-0.0019378920261425771	0.0024563104402438576	0.010370347109365068	-0.010799551113714268	-0.013220895135935188	0.009319516925347134	0.01864562165888203	0.031022190798372422	-0.01560351348688929	-0.0011936378401969207	-0.007713521444323379	-0.0008173528505726142	-0.00939133315741334	-0.008947947365325101	-0.0015524325850686527	0.01377142510119459	0.018746944746593865	0.0008729846866556444	0.00973801090470147	0.0023960900565318075	0.0010716415693429256	-0.0	0.0	0.0	0.0	0.0	0.0	0.0	0.0	0.0
H-2	0.1648167175858142	0.05978413806108015	-0.03821747287326203	0.0025994987266629694	-0.002236041199622839	-0.013686927395278554	-0.006717764337143771	0.01261010741759136	-0.007640134255032854	0.013288118231671944	-0.006981859134889794	0.0296006976159872	0.012683397092579828	0.008264904738161771	0.0059264864503954275	-0.019854951125820745	0.010391365848659793	0.003086175124526118	0.009844778481235876	0.007167095481872619	-0.022589767527512575	0.00030516035957016933	0.007417523753782622	-0.01717412835841084	0.0028876081088135604	0.005175815865063967	-0.014801984374898108	-0.0067709648922851355	-0.011402674648431803	-0.020338979074819602	-0.002771301486645272	-0.0025399399156069906	-0.0003151117809210913	-0.0	0.0	0.0	0.0	0.0	0.0	0.0	0.0	0.0
H-3	0.13014969554335462	0.0025707152611519645	0.05651797898436126	-0.027913002701664275	0.1069418536014635	-0.060990160853604904	0.05190546430920134	0.015181744070508268	-0.007952633970742036	-0.04272099064375852	0.011048398554455555	0.036748571264443884	0.011248372707207998	0.01756586489966461	-0.0010610972159340927	-0.024742760727113653	-0.009152835201726672	0.009637229484579039	-0.003916056705577961	0.01838207418156844	-0.0014179660763953617	0.0032304694223984085	-0.004522103531193938	0.0003794341666820264	0.00013015031717966005	0.0007975179299627571	0.007936410590473095	0.0017591109282823073	-0.0067756397915657305	0.008590317399256163	-0.003966210785380743	-0.0017072340803374246	0.0010619956072124089	-0.0	0.0	0.0	0.0	0.0	0.0	0.0	0.0	0.0
I-1	0.1723172759203349	0.08580687219706695	-0.05548967716878355	0.003809786227784779	-0.02692278131150106	-0.0018883001048370445	-0.02381336327983708	0.009131336727636157	-0.013230278729048847	-0.008398272826833352	-0.004870167652756781	-0.030860039322175188	0.01962959624140228	-0.007080972753932033	0.024244114183076097	0.0028052057953199603	-0.0033085094234165616	0.012255663114696107	-0.005281396832078606	-0.009047535265255573	0.014827845491687345	-0.005498041048036341	-0.009873113517128263	-0.013099018520219696	-8.723126634329439e-05	0.018645319047453507	-0.0063728129219669215	-0.006653376127894135	0.012500137623335808	0.002630474051332195	-0.013631760272397537	-0.002879903046542749	0.0024734639605147727	-0.0	0.0	0.0	0.0	0.0	0.0	0.0	0.0	0.0
I-2	0.15149329484530275	0.041538329511516627	-0.01773110368540367	-0.00724707595049273	0.030177115036284532	-0.025732842172709436	0.009532365969646968	0.01136158497928238	0.021638746743043107	0.025530037858618272	-0.01955707677581547	-0.008867385122547526	0.02375492644050998	0.026734289437631426	-0.010443491234439573	-0.007245937098028305	-0.020478990502917935	-0.007926298921245212	0.007977372435198445	-0.0032974542896864354	0.0073129555414716526	-0.0050495239163191406	-0.0003654239916912555	0.015360618001922729	0.02764028609976033	0.01922919359928527	-0.004614221951955279	0.006095959588663447	-0.0010789982343397868	0.003083243226030076	0.006374712531481689	-0.00335475194911179	-0.0011464114079431298	-0.0	0.0	0.0	0.0	0.0	0.0	0.0	0.0	0.0
I-3	0.13184606497280674	0.011061191432831324	0.02706165275569799	-0.030117067177413703	0.08230702345113701	-0.03961991034778737	0.035750816664076965	0.009816265972288657	0.02377566380634949	-0.024708577995734265	0.010539296376154703	-0.037944405949059935	0.008028823072124837	-0.007162550582327038	0.003445786856212133	-0.011785075477636358	0.01685296154431888	0.01354798424717402	-0.005423894248284931	-0.030267451482177188	-0.017590128845742268	-0.010877894476994663	0.017948599010199275	0.014520712667353008	-0.0021123084069071406	-0.0046294358851697035	-0.006378811351101494	0.00833950218630454	0.009994419021076922	-0.005575788412144655	0.001990312503362081	0.0019148427187559284	6.908662020628948e-05	-0.0	0.0	0.0	0.0	0.0	0.0	0.0	0.0	0.0
J-1	0.17778756611742147	0.0930434659616341	-0.058407004549338365	0.012085223615769478	-0.037560541096863964	0.0077955181750350416	-0.0150501163116002	-0.0020838332729202266	-0.037234452141531336	0.0006843477093776176	-0.004087542713613868	-0.03198942784465198	0.017525748291704023	0.005307856451941663	0.011750170876667937	0.005472100696002307	0.012289531318735234	0.014044510626481337	-0.017371522431465378	0.00010876848963818384	0.005216954835030202	0.0038231528474609784	-0.014813948507794493	0.013746021304670116	0.0006239953707262088	-0.022786849988715847	0.0031356649891583956	-8.561209946541046e-05	-0.014745239195334884	-0.0029086570987240565	0.004109862389684329	-0.0073150861643683516	-0.0011558689280408952	-0.0	0.0	0.0	0.0	0.0	0.0	0.0	0.0	0.0
J-2	0.15783029176885832	0.05539781079831893	-0.02673215011246381	-0.004968015756611981	0.016324500254181525	-0.02177709163204812	0.010093670858279955	0.016676205626849187	-4.68099241964061e-05	0.028830938348891028	-0.02790453454385196	-0.007053554016677939	0.015830914643759148	0.029057483966966155	0.003496861150622815	0.0019184848610178554	0.016020768140455305	-0.005953529220115068	-0.0076311955683218465	-0.0061894812901659825	0.020392075232566156	0.006809327467864289	0.012535599386641607	-0.014380759893293665	-0.024280985787805427	0.006926231507087486	0.006639335335817311	0.014009042402945312	-0.00886141225427075	0.0013731263110735364	0.0017772151833415544	0.006419786601751321	5.850348288761396e-05	-0.0	0.0	0.0	0.0	0.0	0.0	0.0	0.0	0.0
J-3	0.14560789691390114	0.03206370629877639	0.010040261933939913	-0.021959619025975388	0.06667964910479184	-0.02900400289045044	0.03688559083045718	0.011969793875732207	0.006931053200665291	0.005129164363693317	0.0033664665094798336	-0.061012981877568706	0.006402971572291879	-0.007383507577760174	-0.003538098479202876	-0.0031896230535063885	-0.006360614995116108	-0.0031791709476477505	0.009719960087517448	0.017190339920007226	-0.00378247860009587	0.012763718915128444	-0.015740048971404647	-0.006280533658934035	-0.0013359907486314858	-0.004112232879662904	0.0027350190964149502	-0.018764521753841874	-0.0011919747498548548	0.0012140516396960677	-0.0006164822673439334	0.004832777865754035	-0.001103426023579849	-0.0	0.0	0.0	0.0	0.0	0.0	0.0	0.0	0.0
K-1	0.1680665851064586	0.07847638753968708	-0.057510702050397704	0.0034293190348629733	-0.030382265395409638	-0.0037404684328978576	-0.03129600351486021	0.009286347140251004	-0.033581856290896446	0.0027323764827715874	-0.012729778379031852	0.015204759270109587	-0.015789763404487796	-0.035223693803233806	0.030977814220369063	9.03950152596932e-05	0.004535634271584376	0.0040593692391101555	-0.00176914951841523	0.002349077274992022	0.0013581472820824068	7.297181842661067e-05	0.0031080818593991048	0.0017222566637906023	0.0161450928198423	0.007494367574325838	0.01310833743275296	0.007108443124147068	-0.001404016231730066	0.0016616421163736601	-0.0032602866408670767	0.005706756889965523	-0.004595496884170104	-0.0	0.0	0.0	0.0	0.0	0.0	0.0	0.0	0.0
K-2	0.14663059813547838	0.049818974631562256	-0.0315528811369781	-0.006367986624246957	0.01879270020292446	-0.03459329602528074	-0.005576909939774656	0.018093549556255493	0.008736229757674551	0.025171564631983986	-0.03366885933178309	0.03689675199925741	-0.004121407239454465	-0.002645199130777178	0.012703178087601453	0.0025511539470669813	-0.006769161578903245	-0.00254693704087692	-0.008562499209116422	-0.008845857676445612	0.006382729620859421	-0.03089585296618641	0.008061759255914704	0.004295436821931394	-0.007336711525783645	-0.00792676575631802	0.007010862252631761	-0.022670913755830004	0.0046650300990651985	0.0022679477000334203	0.010182575713638817	-3.029861842072851e-05	0.000999664851694937	-0.0	0.0	0.0	0.0	0.0	0.0	0.0	0.0	0.0
K-3	0.1364853969965246	0.024917720401107325	0.00896737289544042	-0.01545943965132909	0.05964764836329964	-0.04188630237883474	0.021829153229239295	0.023047807338547967	0.0027021268329466214	0.017406457170262585	-0.006617314083190827	-0.0002268139877756342	-0.038631744148637896	-0.042475287709099044	-0.010831235306094882	0.0049688349247620596	-0.007284514594992211	0.006998503294201768	0.010223143792719606	0.01219418441057947	0.014160656105241207	0.0009528433236120723	0.019066558248857526	0.005985652496001557	-1.8295826385049912e-05	-0.006335219812869055	-0.011419084896509588	0.0014687548530215907	-0.007900774528980713	0.002536961837279563	-0.007455979934247635	-7.589213298073445e-05	0.00037380469749921153	-0.0	0.0	0.0	0.0	0.0	0.0	0.0	0.0	0.0
L-1	0.16233696949027546	0.06928442543688977	-0.05190869043067277	0.005375857960942289	-0.022338095869797917	-0.0016904240614012815	-0.028804650685035713	-0.0012049518251632941	-0.014436622463364995	-0.02172386490080824	-0.002267113622866367	0.014499091361932179	0.00032786000503834785	-0.018206661125819933	0.006192379275082657	0.020674661653699487	-0.010279901342568178	-0.021012281527896	-0.006153080553078688	-0.007573741284991879	-0.0094634829744618	0.0010095372029841824	-0.013538978545556857	0.00864635523766682	-0.005650477163066736	0.002617229624415256	-0.019787770017836322	0.007570936711369911	-0.010932355162687183	0.0064209520491191035	0.0016456768190495237	-2.1184437744729275e-05	0.003526199752451275	-0.0	0.0	0.0	0.0	0.0	0.0	0.0	0.0	0.0
L-2	0.13705098955582415	0.028396426518168157	-0.02016501063283559	-0.00897112240883592	0.029846225231105007	-0.024006467739200486	-0.010782706797438465	0.00239414040911723	0.039652121846245315	0.010883827338442422	-0.0153685023422762	0.03620368129692729	-0.009393670027149211	0.015432021413656072	0.0033423104767230124	0.002491688921804576	-0.0012690425029246398	-0.009734585583315207	-0.023437362684786155	-0.012386126454117309	-0.0049318437986775	0.02942661028962724	-0.008007289114381566	0.001705239160318271	0.005490976293728106	-0.014547979804026726	0.003021362440335407	0.0003220509389204984	0.014590114170301588	-0.002341449141914172	-0.011500780857906099	-0.0015522683900683226	-0.0006666013785432311	-0.0	0.0	0.0	0.0	0.0	0.0	0.0	0.0	0.0
L-3	0.1252724405527832	-0.003865220982799959	0.028098093673177157	-0.02648168217997842	0.07253357886926233	-0.03300003996846974	0.024313163570407026	-0.005546773918760779	0.030250670689872285	-0.014532206129269096	0.021449107544232442	0.0038885963111720857	-0.03710434771455518	-0.004325025043088719	0.009511665452750036	0.04026930380868625	0.021713212652804785	-0.003077732339249734	0.007227791588013513	0.0012942131678542205	-0.00169161500053366	0.002907682342288407	-0.013401508432731782	-0.006254536042426726	0.0021417392003795243	0.01401038875855312	0.009855613967887747	0.002667809152867717	0.0012945266189379149	-0.008703354158752744	0.010198155479964496	-0.004400807844640061	0.0005771549406761975	-0.0	0.0	0.0	0.0	0.0	0.0	0.0	0.0	0.0
M-1	0.09914533871814112	0.006627528074464476	-0.031263105236641706	0.020236003108479603	-0.061598155296094345	-0.010903915735176644	-0.0305859294904917	-0.050291493651466006	0.03721498312199804	-0.002173031590809247	0.041751343535447565	-0.010778721977465206	-0.008179151323289264	0.02585445245464697	0.03442272631785096	-0.004188249010001475	-0.016501434408754553	-0.013511306013723847	0.01052838525815125	-0.003860654422153969	0.0027444536796616733	0.0012675218720361115	0.01059801795693556	0.0061395787726513645	2.6362091389898036e-05	-0.006973035185271442	-0.0028652237165443864	-0.0012369766052036048	-0.004021963818811309	-0.0016093251392304347	0.00021644171255889307	0.0046151940621058955	-0.0003172797773820215	-0.0	0.0	0.0	0.0	0.0	0.0	0.0	0.0	0.0
M-2	0.07331708213168447	-0.05384897209311545	0.019052301601526076	0.010826932514706693	-0.03398749663487764	-0.025600390510641523	-0.00622669848062345	-0.06550700425648949	0.055394761946151415	-0.014590669161431067	-0.009487274874082628	0.0063843338694678	0.02800558571854478	-0.010134837391513845	-0.009823444420833102	0.020780554452426835	0.009346584869110663	0.011373978668768471	-0.013454911690232798	0.01665134941263911	-0.02216245833552496	0.005311752775472722	0.010564888964749537	0.006422527779785772	-0.005838390288262751	0.008971580863653838	-0.0003395157037487834	-0.005940083732008491	-0.003594586254609095	0.010153794647116382	-0.002478521024800107	0.003009884653240417	-0.0005552594519125869	-0.0	0.0	0.0	0.0	0.0	0.0	0.0	0.0	0.0
M-3	0.07010837419431783	-0.06592107105325448	0.036927198223984534	0.001251182347922193	-0.01568117111011544	-0.03647111007942478	-0.0034030803739793854	-0.06481147187624156	0.056776400196103645	-0.03812887114329794	-0.02926206021050826	-0.010964542740818985	-0.004614303355244486	-0.009684191433678407	-0.017731290522256762	-0.006701206007784392	-0.01248840233442204	-0.015956440586691736	0.009968064705460517	-0.00047535303734124926	0.01752301638827099	-0.01756278673595229	-0.009161736231536122	-0.015156863160110584	-0.0021200280385181344	-0.012030128926965896	-0.002195755582209797	0.007630460442335476	-0.00047514733339786014	-0.00520436717218313	-0.0029818293523866043	-0.0029436822150964324	-0.0018128807145048646	-0.0	0.0	0.0	0.0	0.0	0.0	0.0	0.0	0.0
N-1	0.1621982173858981	0.09632710408578762	-0.07911435062502295	0.02934869747536515	-0.061963871910552824	0.00481811611261852	-0.035432177851883837	-0.027470531760646073	-0.04125856352839701	-0.02912572404052051	0.011378577106928375	-0.015154602342208362	-0.02514919344259063	0.01719619939727407	-0.04003304753817016	-0.002383107041528771	0.015250158498871928	-0.020946604912767605	-0.021569692559008775	0.010677109348330901	-0.00206477960648088	-0.0062924927830260114	0.015235142836315501	-0.006986400664418589	0.015078612951545396	3.3846935300062884e-05	0.0016242838811899802	-0.004744154776563105	0.0036954631775783235	0.00014831568139503463	0.0007326425901032773	0.0026189537759585798	0.0010723852314133645	-0.0	0.0	0.0	0.0	0.0	0.0	0.0	0.0	0.0
N-2	0.14596296282904517	0.06531552949756864	-0.05818917178128847	0.013877468412866818	-0.027045071215193138	-0.004478439829725136	-0.0361001960844269	-0.01461749186745598	-0.023817705068125448	-0.014049301352369049	0.022217545903785288	0.015326427133998687	-0.003597586622607113	0.003073748040972551	-0.03572868888711512	-0.004295725778411463	-0.0009497614800814666	0.010202957694061677	0.015081925761851822	-0.002135491055037772	0.014294713364566614	0.0020562698779104387	-0.005258074004649413	0.02417201522463746	-0.020261124402727784	0.01204634683771805	0.008689285686672186	-0.0038858182004473563	0.003991095469954167	-0.009522150658959781	-0.005452342726184275	-0.001228533753642226	-0.0007751153295430708	-0.0	0.0	0.0	0.0	0.0	0.0	0.0	0.0	0.0
N-3	0.14041252051068656	0.045123475330922494	-0.040725085554778814	0.004276873458543645	-0.010150756297620002	0.0015312679105163635	-0.029051917181150716	-0.01913743850395178	-0.006486681707778768	-0.0026775560080206243	0.019233007596980243	0.007171691549889424	-0.016818781215602006	0.003750321161825517	-0.013626342956896471	-0.010193151032468994	0.002147262620415302	0.021790882538926887	0.021021875016828773	-0.03226870112838321	-0.006597516007521766	0.008737667186536853	-0.0005160686528807884	-0.021000796717610643	0.0033705218655156275	-0.004019082023026085	0.0035944067531935436	-0.0022027898346108125	-0.0035602628299607874	0.016673562508602364	0.006341641958154882	-0.0031200345975684997	-0.0002308583222278448	-0.0	0.0	0.0	0.0	0.0	0.0	0.0	0.0	0.0

Biplot	0	0

Site constraints	0	0
